# H0 k Omega_rbh chi2
73.3143 3.1382 0.0557 11.2021
73.3143 3.1382 0.0557 11.2021
73.0465 2.9297 0.0713 11.3240
72.9574 2.7107 0.0673 11.3175
73.0480 2.7573 0.0666 11.3205
73.1775 2.7217 0.0657 11.3995
73.1733 2.5348 0.0702 11.5809
73.3627 2.6019 0.0759 11.8416
73.5818 2.6014 0.0842 12.3290
73.3159 2.6080 0.0935 12.1801
73.2396 2.8065 0.0814 11.7002
73.0220 2.8762 0.0843 11.5630
73.0333 3.1589 0.0822 11.3885
73.3030 3.2212 0.0921 11.7128
73.4805 3.2016 0.0794 11.7241
73.0192 3.2835 0.0870 11.3973
73.0889 3.5140 0.0909 11.3859
72.4714 3.5059 0.0853 11.3432
72.3580 3.3699 0.0819 11.4339
72.5701 3.2761 0.0780 11.2790
72.5552 3.1999 0.0591 11.0743
71.9955 3.2157 0.0615 11.6919
71.2747 3.2172 0.0624 13.3528
71.5381 3.0857 0.0601 12.6368
71.7793 2.8617 0.0715 12.2899
71.4571 2.7832 0.0619 12.9295
71.5920 2.8358 0.0801 12.8116
72.0108 3.0205 0.0767 11.9011
72.3126 3.0388 0.0745 11.4959
72.4147 3.2807 0.0572 11.1276
72.2023 3.4644 0.0417 11.1670
72.1813 3.3781 0.0399 11.1881
72.4198 3.0426 0.0495 11.0856
72.0009 3.1288 0.0541 11.6234
72.0154 3.3533 0.0505 11.5269
72.0392 3.2592 0.0531 11.5294
71.7983 3.3622 0.0422 11.8486
72.0792 3.0800 0.0590 11.5680
72.4096 2.8378 0.0651 11.3527
72.4098 2.9758 0.0465 11.0716
72.1492 3.3088 0.0412 11.2506
72.1798 3.4449 0.0309 11.1087
72.2126 3.3881 0.0221 11.0010
72.2126 3.3881 0.0221 11.0010
72.2126 3.3881 0.0221 11.0010
72.5645 3.4131 0.0105 10.5730
72.7524 3.3597 0.0211 10.5798
72.9185 3.2260 0.0136 10.5019
72.9185 3.2260 0.0136 10.5019
72.9185 3.2260 0.0136 10.5019
73.2425 3.2887 0.0152 10.6335
73.2425 3.2887 0.0152 10.6335
73.5922 3.1509 0.0148 10.9927
73.5922 3.1509 0.0148 10.9927
73.5922 3.1509 0.0148 10.9927
74.0129 3.3120 0.0187 11.7702
74.0129 3.3120 0.0187 11.7702
73.9769 3.4622 0.0414 11.9580
72.9030 3.6550 0.0377 10.6921
72.6823 3.6262 0.0549 10.8868
72.6221 3.5496 0.0479 10.8543
71.9910 3.4427 0.0318 11.4011
72.3342 3.4764 0.0219 10.8525
72.7349 3.3700 0.0144 10.5258
72.7349 3.3700 0.0144 10.5258
72.5212 3.7368 0.0180 10.6469
72.5666 3.7373 0.0273 10.6861
72.3924 3.5099 0.0197 10.7759
72.5442 3.6966 0.0341 10.7567
72.7668 3.7642 0.0378 10.6894
72.6097 3.7226 0.0467 10.8243
72.6097 3.7226 0.0467 10.8243
72.6494 3.7349 0.0547 10.8778
72.8188 3.6377 0.0490 10.8014
73.0023 4.1007 0.0608 10.8557
73.0023 4.1007 0.0608 10.8557
72.8075 4.0541 0.0559 10.8010
72.8075 4.0541 0.0559 10.8010
72.1925 3.7789 0.0508 11.2165
72.3688 4.0208 0.0384 10.9014
72.2665 4.1232 0.0289 10.9419
72.5121 4.0838 0.0160 10.6281
72.5121 4.0838 0.0160 10.6281
72.5121 4.0838 0.0160 10.6281
72.5121 4.0838 0.0160 10.6281
73.1405 4.2117 0.0271 10.6228
72.8959 4.0033 0.0292 10.5885
73.5202 4.1261 0.0141 10.8492
73.7279 4.2201 0.0320 11.2867
73.6588 4.3124 0.0409 11.2456
73.6588 4.3124 0.0409 11.2456
73.4610 4.0304 0.0312 10.9287
73.7381 4.1668 0.0174 11.1827
73.7381 4.1668 0.0174 11.1827
73.7381 4.1668 0.0174 11.1827
73.7381 4.1668 0.0174 11.1827
73.7381 4.1668 0.0174 11.1827
74.0290 4.3497 0.0158 11.7154
74.0290 4.3497 0.0158 11.7154
74.0290 4.3497 0.0158 11.7154
74.0290 4.3497 0.0158 11.7154
74.0290 4.3497 0.0158 11.7154
74.0707 4.1673 0.0226 11.8775
74.1317 3.7415 0.0133 11.9536
74.1486 4.1679 0.0111 11.9565
74.1486 4.1679 0.0111 11.9565
74.6392 3.8741 0.0200 13.4783
74.6392 3.8741 0.0200 13.4783
74.6392 3.8741 0.0200 13.4783
75.0569 3.5135 0.0201 15.0892
75.0569 3.5135 0.0201 15.0892
74.8427 3.3694 0.0194 14.2414
74.8427 3.3694 0.0194 14.2414
74.2784 3.4890 0.0244 12.4704
74.0244 3.4308 0.0557 12.2642
74.3905 3.4985 0.0602 13.2776
74.3905 3.4985 0.0602 13.2776
74.2971 3.6447 0.0462 12.7748
74.1594 3.6058 0.0497 12.4635
74.1961 3.7021 0.0317 12.3177
74.0356 3.6693 0.0383 12.0142
73.3371 3.7156 0.0375 10.8951
73.2518 3.8587 0.0453 10.8816
73.1003 3.8949 0.0440 10.7728
73.0595 4.3557 0.0473 10.7280
73.3227 4.2655 0.0592 11.0053
72.9573 4.3587 0.0531 10.7437
73.2414 4.4457 0.0479 10.8214
73.2414 4.4457 0.0479 10.8214
73.1845 4.4200 0.0306 10.6584
73.7608 4.3193 0.0478 11.4706
73.6675 3.8539 0.0572 11.4902
73.6675 3.8539 0.0572 11.4902
73.6675 3.8539 0.0572 11.4902
73.5056 4.1835 0.0427 11.0663
73.2616 4.1617 0.0373 10.7819
72.9830 3.8218 0.0290 10.6105
73.0141 3.5130 0.0321 10.6738
73.3632 3.4943 0.0287 10.8543
73.4403 3.0938 0.0154 10.8191
73.5489 3.0542 0.0114 10.9019
73.5489 3.0542 0.0114 10.9019
73.5489 3.0542 0.0114 10.9019
74.1376 3.0290 0.0251 12.1727
73.9375 2.9747 0.0342 11.8651
73.6655 2.9578 0.0416 11.4832
74.3253 3.2541 0.0331 12.7482
74.3564 3.5746 0.0372 12.8387
74.2479 3.4115 0.0499 12.7443
74.4307 3.4712 0.0377 13.0825
74.3828 3.6271 0.0434 12.9866
74.6626 3.3547 0.0380 13.8629
75.0405 3.2472 0.0385 15.3472
75.0854 3.3430 0.0436 15.6003
75.0168 3.3872 0.0549 15.4859
75.0168 3.3872 0.0549 15.4859
75.0001 3.4677 0.0456 15.2399
75.0219 3.5793 0.0317 15.0989
74.8278 3.5116 0.0455 14.5427
74.8278 3.5116 0.0455 14.5427
74.7722 3.6321 0.0458 14.3101
74.5399 3.4267 0.0469 13.5672
74.5399 3.4267 0.0469 13.5672
74.5725 3.6080 0.0586 13.7975
74.4101 3.3103 0.0521 13.2703
74.3450 3.0062 0.0601 13.3210
74.0081 3.0417 0.0592 12.4080
73.9132 3.0808 0.0700 12.3696
73.9132 3.0808 0.0700 12.3696
74.0262 3.0192 0.0639 12.5418
74.0641 3.2477 0.0644 12.5483
74.0641 3.2477 0.0644 12.5483
73.6807 3.4872 0.0712 11.7854
73.6807 3.4872 0.0712 11.7854
73.9425 3.3724 0.0701 12.3126
73.8977 3.1649 0.0763 12.4069
73.9832 2.9809 0.1025 13.2296
73.9793 3.0151 0.1038 13.2192
74.1869 2.7428 0.1103 14.1902
74.1421 2.9033 0.1223 14.1829
74.0529 3.0761 0.1047 13.3670
74.1012 3.0840 0.1005 13.3965
74.0870 3.2707 0.1143 13.4868
74.2266 3.0860 0.1308 14.4122
74.4274 3.3581 0.1386 14.9028
73.8468 3.3966 0.1337 13.1815
73.4773 3.3978 0.1373 12.5811
73.3493 3.6721 0.1368 12.1822
73.4668 4.1261 0.1406 12.0855
73.5278 3.9490 0.1351 12.2057
73.6916 4.0469 0.1361 12.4251
73.3655 4.2941 0.1302 11.7496
73.2517 4.3163 0.1367 11.6967
72.9840 4.3960 0.1362 11.4838
72.9431 4.3921 0.1559 11.6772
72.5226 4.1435 0.1557 11.8356
72.3636 4.1577 0.1550 11.9170
72.1841 4.2023 0.1522 12.0342
72.1884 4.0523 0.1627 12.2233
72.3288 4.1628 0.1519 11.9090
72.2809 4.2702 0.1735 12.1222
72.2809 4.2702 0.1735 12.1222
72.8196 4.0205 0.1686 12.0271
72.9287 4.1785 0.1634 11.8816
73.2964 4.2654 0.1603 12.0425
73.3351 4.3909 0.1709 12.1317
73.4583 3.9800 0.1588 12.4165
73.6368 3.9571 0.1676 12.8443
73.6368 3.9571 0.1676 12.8443
73.1414 3.9046 0.1532 12.0528
73.1414 3.9046 0.1532 12.0528
73.3993 3.7384 0.1402 12.2460
73.3154 3.8221 0.1509 12.2441
73.6368 3.9055 0.1678 12.8926
72.8945 4.1823 0.1587 11.8126
72.7390 4.2766 0.1383 11.5224
72.9495 4.1055 0.1426 11.6835
72.6399 4.4275 0.1405 11.4969
72.6399 4.4275 0.1405 11.4969
72.6399 4.4275 0.1405 11.4969
72.6399 4.4275 0.1405 11.4969
72.6399 4.4275 0.1405 11.4969
72.6399 4.4275 0.1405 11.4969
72.9046 4.3036 0.1430 11.5726
72.6881 4.3726 0.1287 11.3942
72.7675 4.3851 0.1223 11.3182
72.8491 3.9384 0.1200 11.4784
72.6211 3.8238 0.1431 11.8378
72.2143 3.8073 0.1568 12.2797
72.1131 3.7413 0.1742 12.6675
71.7424 3.7384 0.1715 13.1962
71.5182 4.0029 0.1697 13.4779
71.6752 4.3266 0.1704 12.9667
71.3572 4.4496 0.1759 13.7205
71.7813 4.1432 0.1690 12.8376
72.0566 3.9938 0.1890 12.7300
71.7907 4.0038 0.1863 13.0973
71.7907 4.0038 0.1863 13.0973
71.7907 4.0038 0.1863 13.0973
71.7907 4.0038 0.1863 13.0973
71.9862 4.0018 0.1862 12.7842
71.9862 4.0018 0.1862 12.7842
72.2925 3.7338 0.1772 12.5406
71.9969 3.7682 0.1718 12.7620
71.9969 3.7682 0.1718 12.7620
71.9650 4.0080 0.1594 12.5008
72.1530 4.0351 0.1723 12.3838
72.5733 4.0118 0.1874 12.2956
72.2693 4.3454 0.1755 12.1107
72.0326 4.2333 0.1843 12.5412
71.9246 4.2631 0.1790 12.6264
71.8252 3.9853 0.1951 13.1560
71.8249 3.8851 0.1913 13.1885
71.8067 3.6865 0.1879 13.3434
71.9459 3.6193 0.1860 13.1600
71.7132 3.8910 0.1680 13.1056
71.5835 3.4778 0.1708 13.7139
71.6684 3.8196 0.1768 13.3480
71.5243 3.7233 0.1804 13.7749
71.3407 3.5460 0.1767 14.3171
71.3407 3.5460 0.1767 14.3171
71.4199 3.2193 0.1584 14.1311
71.3023 3.0631 0.1510 14.4552
71.3023 3.0631 0.1510 14.4552
71.2253 3.0302 0.1365 14.4646
71.2253 3.0302 0.1365 14.4646
71.2449 2.9873 0.1349 14.4177
71.2195 2.7670 0.1326 14.6394
71.2195 2.7670 0.1326 14.6394
71.2453 2.5557 0.1158 14.4450
71.7963 2.6674 0.1322 13.4275
71.7015 2.3892 0.1223 13.7006
71.3880 2.1783 0.1173 14.5221
71.8221 2.5127 0.1078 13.0228
71.6680 2.6908 0.1015 13.0514
71.6268 2.8930 0.1100 13.1446
71.5356 2.8838 0.1064 13.2976
71.7173 2.7265 0.1062 13.0100
71.9233 2.9542 0.1167 12.6642
72.1024 2.8210 0.1171 12.5314
71.7170 2.7350 0.1118 13.1042
71.7926 3.0236 0.1079 12.7015
71.7926 3.0236 0.1079 12.7015
71.6590 3.1693 0.1140 12.9689
71.3747 3.4012 0.1036 13.4202
71.5590 3.0740 0.0999 13.0493
71.6495 3.0647 0.0966 12.8073
71.7127 2.9539 0.1087 12.9085
71.8667 2.8985 0.1092 12.6702
71.7901 2.8054 0.1167 13.0007
71.9185 2.9399 0.1136 12.6303
72.2701 2.5773 0.1121 12.4852
72.6162 2.4707 0.1185 12.5977
72.5654 2.3259 0.0996 12.2859
72.5654 2.3259 0.0996 12.2859
72.5654 2.3259 0.0996 12.2859
72.8474 2.1591 0.1097 12.8138
72.9581 2.1410 0.1017 12.6336
73.6646 2.4503 0.1195 13.6062
73.5877 2.2648 0.1232 13.9075
73.9504 2.1387 0.1093 14.4228
73.7589 1.8809 0.1246 15.2329
74.0997 1.8760 0.1288 16.3635
74.0396 1.5703 0.1208 16.8079
73.7930 1.3846 0.1192 16.8111
73.7930 1.3846 0.1192 16.8111
74.2278 1.5979 0.1368 18.3595
74.2278 1.5979 0.1368 18.3595
74.4006 1.7390 0.1249 17.6077
74.5408 2.1690 0.1225 16.7358
74.3959 2.1526 0.1275 16.4712
74.3760 2.2816 0.1274 16.0939
74.3760 2.2816 0.1274 16.0939
73.6459 1.9809 0.1489 15.8655
73.6459 1.9809 0.1489 15.8655
73.2786 1.7994 0.1434 15.5634
73.5074 1.9414 0.1445 15.4994
73.8078 1.8353 0.1547 17.1428
73.7442 1.7483 0.1395 16.4572
73.5339 1.7845 0.1366 15.6915
73.5339 1.7845 0.1366 15.6915
73.5339 1.7845 0.1366 15.6915
73.4480 1.8121 0.1425 15.7489
73.4480 1.8121 0.1425 15.7489
73.4480 1.8121 0.1425 15.7489
73.4480 1.8121 0.1425 15.7489
73.4480 1.8121 0.1425 15.7489
73.4300 1.7971 0.1461 15.9740
73.4794 1.7775 0.1441 16.0319
73.2328 1.9120 0.1505 15.4502
73.5117 2.0779 0.1263 14.2893
73.5117 2.0779 0.1263 14.2893
73.6977 2.0811 0.1329 14.9253
73.5062 1.8455 0.1418 15.6963
73.7851 1.7354 0.1371 16.4678
73.8089 1.8182 0.1472 16.7816
73.5196 1.8667 0.1483 15.9919
73.5196 1.8667 0.1483 15.9919
73.3883 1.4393 0.1451 17.5675
72.8375 1.4114 0.1317 16.0036
73.0490 1.5462 0.1286 15.4019
72.8656 1.5274 0.1272 15.2269
73.3686 1.6872 0.1329 15.5449
73.3686 1.6872 0.1329 15.5449
73.6367 1.9180 0.1451 15.8750
73.6367 1.9180 0.1451 15.8750
73.6367 1.9180 0.1451 15.8750
73.2079 1.7970 0.1367 15.1138
73.2079 1.7970 0.1367 15.1138
73.2079 1.7970 0.1367 15.1138
72.8766 2.0991 0.1450 14.2473
73.0913 1.8759 0.1593 15.8648
73.4202 1.7878 0.1682 17.3055
74.0861 2.1671 0.1693 17.3533
74.4263 2.3698 0.1650 17.5954
74.2351 2.7296 0.1654 16.0006
74.2609 2.8297 0.1672 15.9213
74.1134 2.9096 0.1611 15.1357
74.1444 3.0562 0.1668 15.1204
74.5880 3.0214 0.1540 16.3009
74.5194 2.9535 0.1610 16.3680
74.8023 3.0065 0.1625 17.4165
74.8023 3.0065 0.1625 17.4165
74.6560 2.9848 0.1748 17.2339
74.7825 2.7859 0.1597 17.6943
74.3981 2.9159 0.1632 16.0771
73.9901 3.0738 0.1578 14.4368
74.0206 2.9058 0.1656 15.0148
73.7472 3.1837 0.1791 14.2171
73.7472 3.1837 0.1791 14.2171
73.6545 3.0738 0.1790 14.2138
73.6158 3.1367 0.1656 13.7056
73.9678 3.1963 0.1458 13.9258
73.9678 3.1963 0.1458 13.9258
73.9361 3.2725 0.1429 13.6956
73.9626 3.3294 0.1348 13.5310
73.8854 3.3442 0.1494 13.6319
73.2927 3.2885 0.1632 12.9555
72.7606 3.3168 0.1594 12.4985
73.0966 3.4279 0.1857 13.0300
73.0745 3.3195 0.1687 12.8152
72.9944 3.2436 0.1762 13.0115
72.6255 3.2789 0.1811 12.9548
72.4689 3.2135 0.1688 12.8314
72.7546 3.3151 0.1620 12.5477
73.3568 3.3544 0.1591 12.8733
72.8312 3.3789 0.1745 12.7250
73.0570 3.5532 0.1664 12.4973
72.3163 3.4822 0.1856 12.9036
72.1280 3.7240 0.1908 12.9015
72.1280 3.7240 0.1908 12.9015
72.0793 3.9151 0.1920 12.8031
72.0793 3.9151 0.1920 12.8031
72.0793 3.9151 0.1920 12.8031
71.1191 3.6385 0.1877 15.0125
70.9893 3.9626 0.1782 15.0976
71.2131 4.0423 0.1694 14.2623
71.3229 4.0447 0.1650 13.9054
71.4985 4.1234 0.1685 13.4472
71.5645 3.9754 0.1685 13.3741
71.9186 4.1657 0.1668 12.5647
71.6928 4.2630 0.1712 12.9693
72.0716 3.9550 0.1655 12.4534
71.8151 3.9900 0.1624 12.7916
71.8151 3.9900 0.1624 12.7916
72.3083 3.9785 0.1638 12.1675
73.1355 4.1912 0.1726 12.1010
72.6615 4.2060 0.1810 12.0488
73.0822 4.2151 0.1677 11.9858
73.0822 4.2151 0.1677 11.9858
73.0081 4.3437 0.1713 11.9034
73.0081 4.3437 0.1713 11.9034
72.9627 4.4848 0.1463 11.5388
72.9627 4.4848 0.1463 11.5388
72.8116 4.4058 0.1588 11.6735
72.5452 4.4366 0.1656 11.7732
72.5452 4.4366 0.1656 11.7732
72.4557 4.3323 0.1557 11.7717
73.0525 4.2028 0.1516 11.7816
73.1319 3.9023 0.1652 12.2170
73.2909 3.9735 0.1643 12.2944
73.2017 3.9496 0.1686 12.2864
72.8439 4.0374 0.1556 11.8538
72.9976 4.0616 0.1597 11.9407
72.7894 4.2186 0.1643 11.8385
72.7654 3.9362 0.1608 11.9795
72.5179 4.2824 0.1780 12.0052
72.5179 4.2824 0.1780 12.0052
72.5179 4.2824 0.1780 12.0052
72.5288 3.9880 0.1828 12.2683
72.2180 4.1662 0.1688 12.1927
72.4059 4.1396 0.1618 11.9719
72.5673 4.0146 0.1501 11.8264
72.8961 4.3777 0.1474 11.5812
72.8961 4.3777 0.1474 11.5812
72.8393 4.4941 0.1461 11.5048
72.8393 4.4941 0.1461 11.5048
72.8393 4.4941 0.1461 11.5048
73.3101 4.4040 0.1614 11.9855
73.2302 4.4035 0.1751 12.0663
73.2302 4.4035 0.1751 12.0663
73.0345 4.1210 0.1543 11.8532
72.7809 4.3424 0.1530 11.6435
72.7367 4.4723 0.1560 11.6112
72.7367 4.4723 0.1560 11.6112
72.3854 4.4100 0.1629 11.8524
72.3854 4.4100 0.1629 11.8524
72.3854 4.4100 0.1629 11.8524
72.1261 4.2902 0.1582 12.1198
72.3480 4.2657 0.1281 11.6095
71.8048 4.0597 0.1310 12.4582
72.1944 3.8423 0.1407 12.0828
72.5138 3.6990 0.1540 12.1047
72.2406 4.2768 0.1592 12.0081
72.5272 4.2800 0.1565 11.7684
72.5272 4.2800 0.1565 11.7684
72.5334 3.9199 0.1582 11.9977
71.4469 3.9974 0.1682 13.6382
71.6301 3.9899 0.1681 13.2172
72.0367 3.5957 0.1733 12.8708
72.3876 3.7906 0.1828 12.5038
72.5685 3.7489 0.1743 12.3372
72.3265 4.0507 0.1789 12.2872
72.4011 4.2724 0.1841 12.1436
72.8417 4.1757 0.1794 12.0563
73.1324 4.2560 0.1648 11.9581
73.0974 4.2171 0.1428 11.6978
72.5387 4.0235 0.1223 11.5208
73.1231 3.9762 0.1266 11.6477
72.8107 3.8917 0.1245 11.5505
73.0613 3.8592 0.1163 11.5417
73.0958 3.7215 0.1161 11.6287
73.0958 3.7215 0.1161 11.6287
72.9243 3.4080 0.1066 11.5872
73.0568 3.1273 0.1038 11.7708
73.4428 3.4654 0.1171 12.1330
73.2639 3.2105 0.1229 12.2169
72.9520 3.3142 0.1163 11.8040
72.9520 3.3142 0.1163 11.8040
73.2315 3.5615 0.1135 11.7836
73.2745 3.3401 0.1031 11.7944
73.2745 3.3401 0.1031 11.7944
73.2104 3.1952 0.0860 11.5439
73.2230 2.6005 0.1008 12.2640
73.3728 2.3644 0.1127 13.0479
73.6420 2.5325 0.1287 13.7143
73.6420 2.5325 0.1287 13.7143
73.6420 2.5325 0.1287 13.7143
73.4360 2.3476 0.1160 13.2667
73.4750 2.4866 0.1090 12.9177
73.4750 2.4866 0.1090 12.9177
73.1214 2.7025 0.1086 12.2583
73.1598 2.8365 0.1178 12.3630
73.4664 2.7744 0.1184 12.8031
73.3072 2.8981 0.1202 12.5013
73.4500 3.1947 0.1140 12.2863
72.6335 2.7881 0.1179 12.2244
72.6397 2.9074 0.1429 12.6320
72.2337 2.9021 0.1428 12.8251
72.1396 2.8715 0.1324 12.7384
71.7708 2.9486 0.1313 13.1751
72.2546 2.7277 0.1241 12.6055
72.2369 3.0702 0.1076 12.0394
72.2369 3.0702 0.1076 12.0394
71.6223 3.0080 0.1018 12.9648
71.2366 3.4331 0.1084 13.8505
71.0192 3.6936 0.1094 14.4654
71.0192 3.6936 0.1094 14.4654
71.1298 3.5958 0.1079 14.1176
71.2761 3.7610 0.1205 13.7335
71.7426 3.5377 0.1077 12.5468
72.0028 3.3565 0.1028 12.1116
71.6059 3.4661 0.1118 12.9121
71.7279 3.3179 0.1115 12.7173
71.7212 3.3533 0.1161 12.7713
71.6704 3.0975 0.1010 12.8060
71.5009 3.3570 0.1058 13.1364
71.4707 3.1194 0.0890 13.1091
71.2406 3.2071 0.0952 13.7802
71.4419 2.7192 0.1081 13.6575
71.6874 2.8304 0.1102 13.0641
71.6874 2.8304 0.1102 13.0641
71.6381 2.8045 0.1127 13.2264
71.6531 2.7200 0.1131 13.2668
72.4295 2.8796 0.1160 12.1750
72.4628 3.0335 0.1147 12.0107
72.0993 3.0548 0.1005 12.0952
72.1567 3.0386 0.0983 12.0009
71.5409 2.9096 0.0833 12.9446
71.4953 3.1678 0.0664 12.7891
71.7683 3.0342 0.0512 12.0362
71.7700 2.5639 0.0478 12.0851
71.5426 2.7588 0.0548 12.6371
71.5426 2.7588 0.0548 12.6371
71.5426 2.7588 0.0548 12.6371
71.8712 2.5948 0.0364 11.7456
72.1584 2.7238 0.0460 11.3824
72.5653 2.6693 0.0515 11.1076
72.3724 2.4727 0.0430 11.1641
72.8784 2.6166 0.0339 10.7938
72.8125 2.7682 0.0308 10.7294
72.8607 2.8568 0.0194 10.5813
73.1524 2.9612 0.0244 10.7040
72.6846 2.7653 0.0119 10.5440
72.6846 2.7653 0.0119 10.5440
72.6846 2.7653 0.0119 10.5440
72.6846 2.7653 0.0119 10.5440
72.7605 2.8580 0.0107 10.5039
72.7605 2.8580 0.0107 10.5039
72.7605 2.8580 0.0107 10.5039
72.6084 2.5992 0.0120 10.5875
72.8634 2.7244 0.0100 10.4855
72.8634 2.7244 0.0100 10.4855
73.0348 2.9170 0.0407 10.8653
72.7249 3.3321 0.0265 10.6386
72.8875 3.4778 0.0401 10.7362
72.9868 3.3702 0.0609 11.0055
72.9868 3.3702 0.0609 11.0055
73.6643 3.4192 0.0618 11.6509
73.7314 3.3003 0.0507 11.6419
73.4588 3.6663 0.0459 11.1155
72.9208 3.4308 0.0329 10.6727
73.1126 2.9966 0.0288 10.7330
73.3673 2.9620 0.0393 11.0637
73.2069 2.9001 0.0367 10.9042
73.2934 2.9583 0.0563 11.2457
72.9569 2.8249 0.0519 11.0230
73.0643 2.8121 0.0590 11.1782
72.8092 2.8215 0.0618 11.1571
72.8905 2.9071 0.0702 11.2643
72.7542 2.9308 0.0908 11.5847
72.8206 2.6845 0.0861 11.6548
72.8815 2.7024 0.0718 11.3831
72.7496 2.5338 0.0736 11.4978
72.8378 2.8167 0.0829 11.5157
72.4771 2.8558 0.0751 11.4507
72.6362 2.7794 0.0795 11.4904
72.7317 2.7523 0.0688 11.3024
72.2390 2.8187 0.0806 11.7488
72.3281 2.7819 0.0797 11.6673
72.5172 2.5523 0.0859 11.7898
72.6593 2.2953 0.0895 12.0400
72.9405 2.5212 0.0871 11.8240
73.0679 2.4623 0.0973 12.1878
72.8415 2.1950 0.0922 12.2301
73.3700 2.3524 0.0930 12.4823
73.4851 2.3631 0.0879 12.4871
73.2095 2.3765 0.0911 12.2284
73.0892 2.1336 0.0870 12.2713
73.0892 2.1336 0.0870 12.2713
72.8942 2.1900 0.1008 12.5073
72.9441 2.2293 0.0910 12.1949
72.6754 2.1440 0.0951 12.3545
73.3704 1.8964 0.0910 13.0205
73.1433 1.9707 0.0972 12.8744
72.7322 1.9156 0.0893 12.4685
72.8110 1.7791 0.1030 13.2358
72.7211 1.7011 0.0953 13.0436
72.7101 1.8437 0.1062 13.2096
72.3146 1.9807 0.1228 13.6467
72.6796 1.9904 0.1305 13.8579
72.6594 1.7797 0.1121 13.5866
72.6627 1.5810 0.1011 13.5550
72.4534 1.6019 0.0983 13.3962
72.6162 1.9058 0.0752 12.0339
72.7495 2.1102 0.0813 11.9977
72.8680 2.4178 0.0885 11.9189
72.7376 2.5782 0.0788 11.5752
72.6860 2.4550 0.0879 11.8591
72.4687 2.4488 0.0945 12.0783
72.2148 2.5037 0.1007 12.3536
72.2235 2.7669 0.1106 12.3228
72.2235 2.7669 0.1106 12.3228
71.9365 2.8214 0.1079 12.5895
72.3966 2.6996 0.1174 12.3885
72.6768 2.8775 0.1144 12.0650
72.4731 2.4608 0.1117 12.4741
72.8764 2.4160 0.1246 12.8846
73.3788 2.4910 0.1197 13.0798
73.4947 2.5663 0.1122 12.9357
73.8260 2.8750 0.1174 13.3169
73.8930 2.7905 0.1202 13.6348
74.1037 2.8376 0.1170 14.0223
74.1037 2.8376 0.1170 14.0223
74.4509 2.4813 0.1070 15.2588
74.4297 2.3292 0.1097 15.5158
74.0769 2.4863 0.1231 14.6241
74.0679 2.7559 0.1213 14.1420
74.0679 2.7559 0.1213 14.1420
74.0404 2.7164 0.1300 14.3681
74.3548 2.9444 0.1295 14.9508
74.5515 2.9281 0.1291 15.6302
74.5515 2.9281 0.1291 15.6302
74.2379 3.0077 0.1133 14.1221
74.7855 2.9293 0.0916 15.5516
74.6650 3.0707 0.0993 15.1521
73.7908 3.0495 0.0969 12.6384
73.4691 3.2279 0.1049 12.1232
73.2980 3.5218 0.1142 11.8814
72.8370 3.9696 0.1032 11.2758
72.6004 4.2271 0.0973 11.1785
72.4101 4.2261 0.0976 11.2964
72.3936 4.1683 0.0921 11.2769
72.4310 4.1007 0.0854 11.2055
72.7493 3.9998 0.0951 11.1833
72.7202 4.1465 0.1003 11.1937
72.7202 4.1465 0.1003 11.1937
72.8074 4.4009 0.1131 11.2259
72.4213 4.1312 0.1207 11.5314
72.2718 4.2045 0.1177 11.6062
72.3097 4.0828 0.1134 11.5703
72.4853 4.2369 0.1099 11.3495
72.4853 4.2369 0.1099 11.3495
72.3802 4.2872 0.1281 11.5750
72.1746 4.3514 0.1270 11.7473
72.1746 4.3514 0.1270 11.7473
72.0457 4.0642 0.1247 11.9983
71.9764 4.0619 0.1109 11.9755
72.1464 3.7523 0.1215 11.9616
72.2339 3.7845 0.1293 11.9380
72.4161 3.4338 0.1430 12.1941
72.4334 3.4828 0.1359 12.0415
72.4334 3.4828 0.1359 12.0415
72.4334 3.4828 0.1359 12.0415
72.0898 3.1543 0.1309 12.5169
72.0898 3.1543 0.1309 12.5169
72.2810 3.2660 0.1080 11.8890
72.0987 3.6664 0.1174 12.0138
71.8138 3.8572 0.1188 12.4013
71.8138 3.8572 0.1188 12.4013
71.3069 4.2312 0.1151 13.4597
71.3069 4.2312 0.1151 13.4597
71.3069 4.2312 0.1151 13.4597
71.2657 4.2957 0.1091 13.5235
71.2657 4.2957 0.1091 13.5235
71.3719 4.1399 0.1077 13.2440
71.4393 3.9606 0.1055 13.0904
71.3613 3.9350 0.0884 13.1754
71.2718 3.9674 0.0863 13.4136
71.6798 4.3371 0.0833 12.2664
72.3248 4.3553 0.0956 11.3227
72.3248 4.3553 0.0956 11.3227
72.3248 4.3553 0.0956 11.3227
72.5778 4.3459 0.1114 11.2798
72.5778 4.3459 0.1114 11.2798
72.5778 4.3459 0.1114 11.2798
72.5798 4.3916 0.1071 11.2278
72.5798 4.3916 0.1071 11.2278
72.4515 4.3781 0.1259 11.4697
72.4764 3.9655 0.1203 11.5572
72.2457 4.0904 0.1188 11.6834
72.2457 4.0904 0.1188 11.6834
72.4556 4.3194 0.1200 11.4338
72.5249 4.2471 0.1439 11.6544
72.5285 3.9905 0.1524 11.8835
72.4275 3.8652 0.1533 12.0250
72.7544 3.8687 0.1477 11.8529
72.5554 3.6132 0.1185 11.6620
72.1167 3.7160 0.1089 11.8744
72.4994 3.1333 0.1082 11.8154
72.6150 2.8257 0.1095 12.0217
72.5125 3.0413 0.1147 11.9812
72.5588 3.2894 0.1076 11.6865
72.0139 3.1561 0.1198 12.4398
72.0353 3.3227 0.1189 12.2938
72.0249 3.4076 0.1055 12.0898
72.3726 3.3746 0.1052 11.7161
72.4883 3.6743 0.1125 11.5893
72.4883 3.6743 0.1125 11.5893
72.2266 3.5632 0.1166 11.9028
72.2632 3.5830 0.1111 11.7886
72.2632 3.5830 0.1111 11.7886
72.1112 3.0476 0.1037 12.1326
72.1811 2.8626 0.1263 12.5842
71.9534 2.9249 0.1477 13.2139
72.2503 2.8419 0.1515 13.0725
72.2503 2.8419 0.1515 13.0725
72.4326 2.9104 0.1246 12.3121
72.7727 2.7473 0.1073 12.0347
72.7945 2.8514 0.1246 12.3060
72.6242 3.0263 0.1326 12.2912
72.6964 2.9298 0.1368 12.4725
72.6964 2.9298 0.1368 12.4725
73.0878 2.6542 0.1416 13.1278
72.9417 2.5263 0.1428 13.2711
73.0611 2.4440 0.1455 13.5975
72.5082 2.7564 0.1448 12.8953
72.2758 2.6321 0.1478 13.2660
72.0157 2.5809 0.1594 13.8944
72.0735 2.5436 0.1505 13.6566
72.0735 2.5436 0.1505 13.6566
72.0904 2.4377 0.1375 13.4601
71.9275 2.7007 0.1454 13.4755
71.7843 2.9833 0.1329 13.1488
71.6350 2.9014 0.1222 13.3210
71.6509 3.0571 0.1075 12.9576
71.8751 2.9346 0.1355 13.0869
71.7725 2.8267 0.1371 13.3959
72.3971 2.6006 0.1308 12.8107
72.3971 2.6006 0.1308 12.8107
72.3971 2.6006 0.1308 12.8107
72.5173 2.5527 0.1279 12.7529
72.6355 2.7236 0.1048 12.0087
72.3212 2.7797 0.0854 11.7690
72.0775 3.1413 0.0941 11.9890
72.3834 2.8051 0.0877 11.7443
72.0541 2.9535 0.0695 11.7662
71.8600 2.9106 0.0660 12.0520
71.8600 2.9106 0.0660 12.0520
71.5193 3.0866 0.0660 12.7427
71.5231 3.1125 0.0692 12.7602
71.6577 3.1439 0.0886 12.6557
71.6324 3.2870 0.0807 12.5756
72.1619 3.1564 0.0765 11.6446
71.9119 3.2024 0.0657 11.8793
71.5989 3.4098 0.0642 12.4659
72.1645 3.2528 0.0903 11.7801
71.8355 3.2933 0.0991 12.3696
72.1431 3.3042 0.1049 11.9738
72.1431 3.3042 0.1049 11.9738
72.0837 3.3343 0.0939 11.8957
72.0363 3.5119 0.1046 12.0177
72.0955 3.3952 0.1162 12.1366
71.6666 3.3862 0.1231 12.9540
71.7534 3.6210 0.1183 12.6075
71.7442 3.7038 0.1291 12.7077
71.8978 3.6499 0.1310 12.4777
72.3835 4.0676 0.1163 11.5400
72.0026 3.8789 0.1214 12.1011
71.8218 3.6369 0.1056 12.3339
71.7908 3.5639 0.1134 12.5055
71.7738 3.4979 0.1117 12.5470
71.6834 3.6197 0.0999 12.5584
71.7264 3.7538 0.1012 12.4384
71.8440 3.8511 0.1117 12.2783
72.1213 4.0321 0.0952 11.6330
72.2010 4.1395 0.1042 11.5826
72.2484 4.1433 0.1098 11.5785
72.4740 4.2510 0.1000 11.2643
72.5914 3.8049 0.1022 11.3663
72.5241 3.9013 0.1253 11.6154
72.9022 3.8180 0.1153 11.4880
72.0032 4.2378 0.1271 12.0202
72.0412 4.4170 0.1421 12.0306
72.6205 3.9994 0.1448 11.7554
72.1502 3.8357 0.1415 12.1456
72.4864 4.1091 0.1475 11.7808
72.0008 4.4751 0.1520 12.1532
72.0008 4.4751 0.1520 12.1532
72.0008 4.4751 0.1520 12.1532
72.4166 4.4745 0.1434 11.6163
72.4166 4.4745 0.1434 11.6163
72.4166 4.4745 0.1434 11.6163
72.4166 4.4745 0.1434 11.6163
72.4166 4.4745 0.1434 11.6163
72.2060 4.4880 0.1396 11.7717
72.2060 4.4880 0.1396 11.7717
72.2060 4.4880 0.1396 11.7717
72.2060 4.4880 0.1396 11.7717
72.2060 4.4880 0.1396 11.7717
72.2060 4.4880 0.1396 11.7717
72.2918 4.3650 0.1504 11.8302
72.2918 4.3650 0.1504 11.8302
72.2918 4.3650 0.1504 11.8302
72.2305 4.2270 0.1451 11.9011
72.3265 4.3834 0.1318 11.6190
72.3265 4.3834 0.1318 11.6190
72.1871 4.2777 0.1481 11.9550
72.2068 4.4065 0.1351 11.7612
72.6882 4.3159 0.1659 11.8022
72.4976 4.2770 0.1666 11.8922
72.4976 4.2770 0.1666 11.8922
72.7989 4.3669 0.1674 11.7861
73.1114 4.1471 0.1683 12.0597
72.6552 4.0300 0.1688 12.0226
72.6819 4.1291 0.1657 11.9142
72.9427 4.0736 0.1618 11.9357
73.0726 4.2485 0.1724 12.0149
73.3559 4.3204 0.1727 12.2243
72.7590 4.2938 0.1605 11.7504
72.8484 4.1835 0.1602 11.8193
73.2307 4.3032 0.1750 12.1329
73.2307 4.3032 0.1750 12.1329
73.3385 4.3722 0.1794 12.2508
73.2434 4.3010 0.1967 12.4220
73.0536 4.1896 0.1990 12.3904
73.2254 4.0598 0.1962 12.6116
73.2254 4.0598 0.1962 12.6116
73.5720 3.8399 0.1857 13.1351
73.5891 3.7825 0.1777 13.0901
73.4788 3.7762 0.1659 12.7257
73.5505 3.8230 0.1774 12.9791
73.7149 4.2393 0.1810 12.9433
73.7362 4.0064 0.1937 13.3909
73.3344 4.2476 0.1864 12.4286
73.8869 4.3450 0.1717 13.0868
73.4133 4.4135 0.1684 12.1807
73.4133 4.4135 0.1684 12.1807
73.4939 4.2861 0.1849 12.5876
73.8707 4.0838 0.1932 13.5875
73.6814 4.0278 0.1938 13.2640
73.6814 4.0278 0.1938 13.2640
73.6860 3.9332 0.1969 13.4249
73.6215 4.0878 0.1987 13.1694
73.5145 4.3105 0.1840 12.5871
73.5145 4.3105 0.1840 12.5871
72.9583 4.1288 0.1825 12.1692
73.0270 3.9929 0.1852 12.3553
73.1044 4.0447 0.1968 12.5279
73.1044 4.0447 0.1968 12.5279
73.2652 4.1513 0.1934 12.5281
73.2652 4.1513 0.1934 12.5281
73.2652 4.1513 0.1934 12.5281
72.7523 4.0234 0.1971 12.4010
73.0188 3.9634 0.1977 12.5611
73.3546 3.9735 0.1982 12.8748
73.3546 3.9735 0.1982 12.8748
73.3546 3.9735 0.1982 12.8748
73.3834 3.9895 0.1920 12.7994
73.3834 3.9895 0.1920 12.7994
73.0874 4.0764 0.1828 12.2893
73.1221 4.1614 0.1892 12.3312
73.4008 4.1545 0.1781 12.4729
73.1217 4.0381 0.1774 12.2714
73.1217 4.0381 0.1774 12.2714
73.5228 3.7289 0.1727 12.9520
73.8545 3.6399 0.1989 14.1884
73.6035 3.7416 0.1996 13.5498
73.6035 3.7416 0.1996 13.5498
73.6035 3.7416 0.1996 13.5498
73.9810 3.6519 0.1908 14.3153
73.5331 3.5222 0.1846 13.4286
73.0226 3.8662 0.1686 12.2220
72.9075 4.3389 0.1884 12.0662
73.2317 4.3375 0.1741 12.0995
72.8332 4.2287 0.1661 11.8582
73.1147 4.1586 0.1701 12.0770
72.7054 4.2512 0.1713 11.8998
73.0106 3.9434 0.1779 12.2843
73.0106 3.9434 0.1779 12.2843
72.5793 4.1196 0.1546 11.8141
72.6524 4.2918 0.1584 11.7403
72.4673 4.3930 0.1616 11.7941
72.5319 4.2333 0.1668 11.9040
72.4544 4.1872 0.1542 11.8310
72.2905 4.2102 0.1369 11.7677
72.1075 4.3912 0.1321 11.8624
72.1075 4.3912 0.1321 11.8624
72.1075 4.3912 0.1321 11.8624
72.1122 4.2439 0.1240 11.8358
71.8491 4.0920 0.1213 12.2755
71.6911 4.3636 0.1262 12.5430
72.1728 3.7419 0.1435 12.1977
71.4272 3.4378 0.1263 13.5222
71.2687 3.3976 0.1246 13.9513
71.2746 3.3813 0.1225 13.9181
71.2951 3.0419 0.1275 14.1239
71.3301 2.9934 0.1155 13.8842
70.9631 2.7634 0.1089 15.0501
71.3938 2.7437 0.0884 13.4561
71.1743 2.6543 0.0795 13.9975
71.6458 2.8105 0.0815 12.7206
71.4922 3.0699 0.0765 12.9278
71.3698 3.0279 0.0660 13.1506
71.3688 3.1247 0.0675 13.1468
71.3688 3.1247 0.0675 13.1468
71.2866 3.2816 0.0400 13.1343
71.4802 3.1698 0.0444 12.6306
71.5867 3.1034 0.0400 12.3316
72.0208 3.0208 0.0526 11.5967
71.9735 2.8712 0.0506 11.6802
72.2143 3.0648 0.0542 11.3398
72.1810 2.7911 0.0494 11.3822
72.7495 2.7957 0.0543 11.0551
72.9116 2.7942 0.0435 10.8987
72.4867 2.6713 0.0311 10.8764
71.8188 2.5396 0.0330 11.8160
71.4355 2.5817 0.0393 12.7765
71.7768 2.4778 0.0420 12.0158
71.5411 2.6092 0.0493 12.6089
71.7951 2.7561 0.0567 12.1014
72.1697 2.6967 0.0407 11.3073
72.5459 2.6245 0.0551 11.1863
72.4816 2.5134 0.0545 11.2503
72.3897 2.7946 0.0548 11.2358
72.3703 3.0292 0.0552 11.1981
72.1655 3.0791 0.0355 11.2024
72.1655 3.0791 0.0355 11.2024
71.9901 3.0289 0.0313 11.4327
72.3234 3.0053 0.0112 10.7984
72.3234 3.0053 0.0112 10.7984
72.3234 3.0053 0.0112 10.7984
72.4822 3.1996 0.0111 10.6423
72.3850 3.6412 0.0161 10.7516
72.3850 3.6412 0.0161 10.7516
72.1605 3.4239 0.0175 11.0355
72.2278 3.4704 0.0246 10.9962
72.5013 3.6251 0.0268 10.7329
72.7347 3.7761 0.0188 10.5439
72.7542 3.9421 0.0256 10.5807
72.7542 3.9421 0.0256 10.5807
72.4493 3.9984 0.0312 10.7807
72.2249 4.0817 0.0196 10.9391
71.8932 3.7162 0.0271 11.5272
71.9004 3.6354 0.0290 11.5303
71.9004 3.6354 0.0290 11.5303
71.9004 3.6354 0.0290 11.5303
72.1041 3.7486 0.0342 11.2168
71.9986 4.1123 0.0364 11.3727
72.1486 3.9878 0.0302 11.1103
72.1486 3.9878 0.0302 11.1103
72.1839 3.7399 0.0274 11.0576
71.7601 3.6401 0.0273 11.8017
71.7781 3.6615 0.0238 11.7408
71.9659 3.6378 0.0175 11.3370
71.9138 3.5482 0.0109 11.3951
71.9138 3.5482 0.0109 11.3951
71.6663 3.5933 0.0141 11.9379
71.9766 3.2556 0.0206 11.3538
72.1831 3.2421 0.0252 11.0728
72.1027 3.0040 0.0395 11.3384
72.3303 2.9281 0.0329 10.9998
72.6586 3.1295 0.0320 10.7353
72.7618 3.3185 0.0477 10.8479
72.9374 3.2842 0.0627 11.0380
73.2196 3.1094 0.0585 11.1700
73.6072 3.0329 0.0421 11.3848
73.6072 3.0329 0.0421 11.3848
73.1397 2.9747 0.0442 10.9503
73.2384 3.1493 0.0470 11.0159
73.1421 3.1211 0.0460 10.9444
72.9753 3.1684 0.0449 10.8523
73.0780 2.8911 0.0599 11.1716
73.9483 2.6270 0.0641 12.5582
74.0791 2.7936 0.0584 12.6630
74.3598 2.8570 0.0658 13.5482
74.2769 2.8263 0.0632 13.2677
74.6767 2.6842 0.0721 14.8553
74.6767 2.6842 0.0721 14.8553
75.0095 2.7061 0.0691 16.0882
74.8827 2.9273 0.0804 15.6756
74.2271 3.2555 0.0800 13.2297
74.5563 3.0037 0.0439 13.6860
74.5399 2.9088 0.0387 13.5648
74.1775 2.9072 0.0287 12.3451
73.8006 2.9920 0.0297 11.5295
73.7264 2.8990 0.0430 11.6195
73.2319 2.9031 0.0392 10.9563
73.3349 3.2000 0.0230 10.7947
73.4207 3.1700 0.0149 10.7886
73.4207 3.1700 0.0149 10.7886
73.7999 3.3211 0.0164 11.3238
73.8153 3.3922 0.0185 11.3702
73.6724 3.5107 0.0173 11.1135
73.3986 3.3389 0.0182 10.7916
73.4895 3.5899 0.0136 10.8297
73.4895 3.5899 0.0136 10.8297
72.9291 3.8648 0.0174 10.5079
72.6517 3.7712 0.0111 10.5203
72.6517 3.7712 0.0111 10.5203
